   0.00000 	   0.00000
   0.00100 	   0.00400
   0.00200 	   0.00798
   0.00300 	   0.01196
   0.00400 	   0.01594
   0.00500 	   0.01990
   0.00600 	   0.02386
   0.00700 	   0.02780
   0.00800 	   0.03174
   0.00900 	   0.03568
   0.01000 	   0.03960
   0.01100 	   0.04352
   0.01200 	   0.04742
   0.01300 	   0.05132
   0.01400 	   0.05522
   0.01500 	   0.05910
   0.01600 	   0.06298
   0.01700 	   0.06684
   0.01800 	   0.07070
   0.01900 	   0.07456
   0.02000 	   0.07840
   0.02100 	   0.08224
   0.02200 	   0.08606
   0.02300 	   0.08988
   0.02400 	   0.09370
   0.02500 	   0.09750
   0.02600 	   0.10130
   0.02700 	   0.10508
   0.02800 	   0.10886
   0.02900 	   0.11264
   0.03000 	   0.11640
   0.03100 	   0.12016
   0.03200 	   0.12390
   0.03300 	   0.12764
   0.03400 	   0.13138
   0.03500 	   0.13510
   0.03600 	   0.13882
   0.03700 	   0.14252
   0.03800 	   0.14622
   0.03900 	   0.14992
   0.04000 	   0.15360
   0.04100 	   0.15728
   0.04200 	   0.16094
   0.04300 	   0.16460
   0.04400 	   0.16826
   0.04500 	   0.17190
   0.04600 	   0.17554
   0.04700 	   0.17916
   0.04800 	   0.18278
   0.04900 	   0.18640
   0.05000 	   0.19000
   0.05100 	   0.19360
   0.05200 	   0.19718
   0.05300 	   0.20076
   0.05400 	   0.20434
   0.05500 	   0.20790
   0.05600 	   0.21146
   0.05700 	   0.21500
   0.05800 	   0.21854
   0.05900 	   0.22208
   0.06000 	   0.22560
   0.06100 	   0.22912
   0.06200 	   0.23262
   0.06300 	   0.23612
   0.06400 	   0.23962
   0.06500 	   0.24310
   0.06600 	   0.24658
   0.06700 	   0.25004
   0.06800 	   0.25350
   0.06900 	   0.25696
   0.07000 	   0.26040
   0.07100 	   0.26384
   0.07200 	   0.26726
   0.07300 	   0.27068
   0.07400 	   0.27410
   0.07500 	   0.27750
   0.07600 	   0.28090
   0.07700 	   0.28428
   0.07800 	   0.28766
   0.07900 	   0.29104
   0.08000 	   0.29440
   0.08100 	   0.29776
   0.08200 	   0.30110
   0.08300 	   0.30444
   0.08400 	   0.30778
   0.08500 	   0.31110
   0.08600 	   0.31442
   0.08700 	   0.31772
   0.08800 	   0.32102
   0.08900 	   0.32432
   0.09000 	   0.32760
   0.09100 	   0.33088
   0.09200 	   0.33414
   0.09300 	   0.33740
   0.09400 	   0.34066
   0.09500 	   0.34390
   0.09600 	   0.34714
   0.09700 	   0.35036
   0.09800 	   0.35358
   0.09900 	   0.35680
   0.10000 	   0.36000
   0.10100 	   0.36320
   0.10200 	   0.36638
   0.10300 	   0.36956
   0.10400 	   0.37274
   0.10500 	   0.37590
   0.10600 	   0.37906
   0.10700 	   0.38220
   0.10800 	   0.38534
   0.10900 	   0.38848
   0.11000 	   0.39160
   0.11100 	   0.39472
   0.11200 	   0.39782
   0.11300 	   0.40092
   0.11400 	   0.40402
   0.11500 	   0.40710
   0.11600 	   0.41018
   0.11700 	   0.41324
   0.11800 	   0.41630
   0.11900 	   0.41936
   0.12000 	   0.42240
   0.12100 	   0.42544
   0.12200 	   0.42846
   0.12300 	   0.43148
   0.12400 	   0.43450
   0.12500 	   0.43750
   0.12600 	   0.44050
   0.12700 	   0.44348
   0.12800 	   0.44646
   0.12900 	   0.44944
   0.13000 	   0.45240
   0.13100 	   0.45536
   0.13200 	   0.45830
   0.13300 	   0.46124
   0.13400 	   0.46418
   0.13500 	   0.46710
   0.13600 	   0.47002
   0.13700 	   0.47292
   0.13800 	   0.47582
   0.13900 	   0.47872
   0.14000 	   0.48160
   0.14100 	   0.48448
   0.14200 	   0.48734
   0.14300 	   0.49020
   0.14400 	   0.49306
   0.14500 	   0.49590
   0.14600 	   0.49874
   0.14700 	   0.50156
   0.14800 	   0.50438
   0.14900 	   0.50720
   0.15000 	   0.51000
   0.15100 	   0.51280
   0.15200 	   0.51558
   0.15300 	   0.51836
   0.15400 	   0.52114
   0.15500 	   0.52390
   0.15600 	   0.52666
   0.15700 	   0.52940
   0.15800 	   0.53214
   0.15900 	   0.53488
   0.16000 	   0.53760
   0.16100 	   0.54032
   0.16200 	   0.54302
   0.16300 	   0.54572
   0.16400 	   0.54842
   0.16500 	   0.55110
   0.16600 	   0.55378
   0.16700 	   0.55644
   0.16800 	   0.55910
   0.16900 	   0.56176
   0.17000 	   0.56440
   0.17100 	   0.56704
   0.17200 	   0.56966
   0.17300 	   0.57228
   0.17400 	   0.57490
   0.17500 	   0.57750
   0.17600 	   0.58010
   0.17700 	   0.58268
   0.17800 	   0.58526
   0.17900 	   0.58784
   0.18000 	   0.59040
   0.18100 	   0.59296
   0.18200 	   0.59550
   0.18300 	   0.59804
   0.18400 	   0.60058
   0.18500 	   0.60310
   0.18600 	   0.60562
   0.18700 	   0.60812
   0.18800 	   0.61062
   0.18900 	   0.61312
   0.19000 	   0.61560
   0.19100 	   0.61808
   0.19200 	   0.62054
   0.19300 	   0.62300
   0.19400 	   0.62546
   0.19500 	   0.62790
   0.19600 	   0.63034
   0.19700 	   0.63276
   0.19800 	   0.63518
   0.19900 	   0.63760
   0.20000 	   0.64000
   0.20100 	   0.64240
   0.20200 	   0.64478
   0.20300 	   0.64716
   0.20400 	   0.64954
   0.20500 	   0.65190
   0.20600 	   0.65426
   0.20700 	   0.65660
   0.20800 	   0.65894
   0.20900 	   0.66128
   0.21000 	   0.66360
   0.21100 	   0.66592
   0.21200 	   0.66822
   0.21300 	   0.67052
   0.21400 	   0.67282
   0.21500 	   0.67510
   0.21600 	   0.67738
   0.21700 	   0.67964
   0.21800 	   0.68190
   0.21900 	   0.68416
   0.22000 	   0.68640
   0.22100 	   0.68864
   0.22200 	   0.69086
   0.22300 	   0.69308
   0.22400 	   0.69530
   0.22500 	   0.69750
   0.22600 	   0.69970
   0.22700 	   0.70188
   0.22800 	   0.70406
   0.22900 	   0.70624
   0.23000 	   0.70840
   0.23100 	   0.71056
   0.23200 	   0.71270
   0.23300 	   0.71484
   0.23400 	   0.71698
   0.23500 	   0.71910
   0.23600 	   0.72122
   0.23700 	   0.72332
   0.23800 	   0.72542
   0.23900 	   0.72752
   0.24000 	   0.72960
   0.24100 	   0.73168
   0.24200 	   0.73374
   0.24300 	   0.73580
   0.24400 	   0.73786
   0.24500 	   0.73990
   0.24600 	   0.74194
   0.24700 	   0.74396
   0.24800 	   0.74598
   0.24900 	   0.74800
   0.25000 	   0.75000
   0.25100 	   0.75200
   0.25200 	   0.75398
   0.25300 	   0.75596
   0.25400 	   0.75794
   0.25500 	   0.75990
   0.25600 	   0.76186
   0.25700 	   0.76380
   0.25800 	   0.76574
   0.25900 	   0.76768
   0.26000 	   0.76960
   0.26100 	   0.77152
   0.26200 	   0.77342
   0.26300 	   0.77532
   0.26400 	   0.77722
   0.26500 	   0.77910
   0.26600 	   0.78098
   0.26700 	   0.78284
   0.26800 	   0.78470
   0.26900 	   0.78656
   0.27000 	   0.78840
   0.27100 	   0.79024
   0.27200 	   0.79206
   0.27300 	   0.79388
   0.27400 	   0.79570
   0.27500 	   0.79750
   0.27600 	   0.79930
   0.27700 	   0.80108
   0.27800 	   0.80286
   0.27900 	   0.80464
   0.28000 	   0.80640
   0.28100 	   0.80816
   0.28200 	   0.80990
   0.28300 	   0.81164
   0.28400 	   0.81338
   0.28500 	   0.81510
   0.28600 	   0.81682
   0.28700 	   0.81852
   0.28800 	   0.82022
   0.28900 	   0.82192
   0.29000 	   0.82360
   0.29100 	   0.82528
   0.29200 	   0.82694
   0.29300 	   0.82860
   0.29400 	   0.83026
   0.29500 	   0.83190
   0.29600 	   0.83354
   0.29700 	   0.83516
   0.29800 	   0.83678
   0.29900 	   0.83840
   0.30000 	   0.84000
   0.30100 	   0.84160
   0.30200 	   0.84318
   0.30300 	   0.84476
   0.30400 	   0.84634
   0.30500 	   0.84790
   0.30600 	   0.84946
   0.30700 	   0.85100
   0.30800 	   0.85254
   0.30900 	   0.85408
   0.31000 	   0.85560
   0.31100 	   0.85712
   0.31200 	   0.85862
   0.31300 	   0.86012
   0.31400 	   0.86162
   0.31500 	   0.86310
   0.31600 	   0.86458
   0.31700 	   0.86604
   0.31800 	   0.86750
   0.31900 	   0.86896
   0.32000 	   0.87040
   0.32100 	   0.87184
   0.32200 	   0.87326
   0.32300 	   0.87468
   0.32400 	   0.87610
   0.32500 	   0.87750
   0.32600 	   0.87890
   0.32700 	   0.88028
   0.32800 	   0.88166
   0.32900 	   0.88304
   0.33000 	   0.88440
   0.33100 	   0.88576
   0.33200 	   0.88710
   0.33300 	   0.88844
   0.33400 	   0.88978
   0.33500 	   0.89110
   0.33600 	   0.89242
   0.33700 	   0.89372
   0.33800 	   0.89502
   0.33900 	   0.89632
   0.34000 	   0.89760
   0.34100 	   0.89888
   0.34200 	   0.90014
   0.34300 	   0.90140
   0.34400 	   0.90266
   0.34500 	   0.90390
   0.34600 	   0.90514
   0.34700 	   0.90636
   0.34800 	   0.90758
   0.34900 	   0.90880
   0.35000 	   0.91000
   0.35100 	   0.91120
   0.35200 	   0.91238
   0.35300 	   0.91356
   0.35400 	   0.91474
   0.35500 	   0.91590
   0.35600 	   0.91706
   0.35700 	   0.91820
   0.35800 	   0.91934
   0.35900 	   0.92048
   0.36000 	   0.92160
   0.36100 	   0.92272
   0.36200 	   0.92382
   0.36300 	   0.92492
   0.36400 	   0.92602
   0.36500 	   0.92710
   0.36600 	   0.92818
   0.36700 	   0.92924
   0.36800 	   0.93030
   0.36900 	   0.93136
   0.37000 	   0.93240
   0.37100 	   0.93344
   0.37200 	   0.93446
   0.37300 	   0.93548
   0.37400 	   0.93650
   0.37500 	   0.93750
   0.37600 	   0.93850
   0.37700 	   0.93948
   0.37800 	   0.94046
   0.37900 	   0.94144
   0.38000 	   0.94240
   0.38100 	   0.94336
   0.38200 	   0.94430
   0.38300 	   0.94524
   0.38400 	   0.94618
   0.38500 	   0.94710
   0.38600 	   0.94802
   0.38700 	   0.94892
   0.38800 	   0.94982
   0.38900 	   0.95072
   0.39000 	   0.95160
   0.39100 	   0.95248
   0.39200 	   0.95334
   0.39300 	   0.95420
   0.39400 	   0.95506
   0.39500 	   0.95590
   0.39600 	   0.95674
   0.39700 	   0.95756
   0.39800 	   0.95838
   0.39900 	   0.95920
   0.40000 	   0.96000
   0.40100 	   0.96080
   0.40200 	   0.96158
   0.40300 	   0.96236
   0.40400 	   0.96314
   0.40500 	   0.96390
   0.40600 	   0.96466
   0.40700 	   0.96540
   0.40800 	   0.96614
   0.40900 	   0.96688
   0.41000 	   0.96760
   0.41100 	   0.96832
   0.41200 	   0.96902
   0.41300 	   0.96972
   0.41400 	   0.97042
   0.41500 	   0.97110
   0.41600 	   0.97178
   0.41700 	   0.97244
   0.41800 	   0.97310
   0.41900 	   0.97376
   0.42000 	   0.97440
   0.42100 	   0.97504
   0.42200 	   0.97566
   0.42300 	   0.97628
   0.42400 	   0.97690
   0.42500 	   0.97750
   0.42600 	   0.97810
   0.42700 	   0.97868
   0.42800 	   0.97926
   0.42900 	   0.97984
   0.43000 	   0.98040
   0.43100 	   0.98096
   0.43200 	   0.98150
   0.43300 	   0.98204
   0.43400 	   0.98258
   0.43500 	   0.98310
   0.43600 	   0.98362
   0.43700 	   0.98412
   0.43800 	   0.98462
   0.43900 	   0.98512
   0.44000 	   0.98560
   0.44100 	   0.98608
   0.44200 	   0.98654
   0.44300 	   0.98700
   0.44400 	   0.98746
   0.44500 	   0.98790
   0.44600 	   0.98834
   0.44700 	   0.98876
   0.44800 	   0.98918
   0.44900 	   0.98960
   0.45000 	   0.99000
   0.45100 	   0.99040
   0.45200 	   0.99078
   0.45300 	   0.99116
   0.45400 	   0.99154
   0.45500 	   0.99190
   0.45600 	   0.99226
   0.45700 	   0.99260
   0.45800 	   0.99294
   0.45900 	   0.99328
   0.46000 	   0.99360
   0.46100 	   0.99392
   0.46200 	   0.99422
   0.46300 	   0.99452
   0.46400 	   0.99482
   0.46500 	   0.99510
   0.46600 	   0.99538
   0.46700 	   0.99564
   0.46800 	   0.99590
   0.46900 	   0.99616
   0.47000 	   0.99640
   0.47100 	   0.99664
   0.47200 	   0.99686
   0.47300 	   0.99708
   0.47400 	   0.99730
   0.47500 	   0.99750
   0.47600 	   0.99770
   0.47700 	   0.99788
   0.47800 	   0.99806
   0.47900 	   0.99824
   0.48000 	   0.99840
   0.48100 	   0.99856
   0.48200 	   0.99870
   0.48300 	   0.99884
   0.48400 	   0.99898
   0.48500 	   0.99910
   0.48600 	   0.99922
   0.48700 	   0.99932
   0.48800 	   0.99942
   0.48900 	   0.99952
   0.49000 	   0.99960
   0.49100 	   0.99968
   0.49200 	   0.99974
   0.49300 	   0.99980
   0.49400 	   0.99986
   0.49500 	   0.99990
   0.49600 	   0.99994
   0.49700 	   0.99996
   0.49800 	   0.99998
   0.49900 	   1.00000
   0.50000 	   1.00000
   0.50100 	   1.00000
   0.50200 	   0.99998
   0.50300 	   0.99996
   0.50400 	   0.99994
   0.50500 	   0.99990
   0.50600 	   0.99986
   0.50700 	   0.99980
   0.50800 	   0.99974
   0.50900 	   0.99968
   0.51000 	   0.99960
   0.51100 	   0.99952
   0.51200 	   0.99942
   0.51300 	   0.99932
   0.51400 	   0.99922
   0.51500 	   0.99910
   0.51600 	   0.99898
   0.51700 	   0.99884
   0.51800 	   0.99870
   0.51900 	   0.99856
   0.52000 	   0.99840
   0.52100 	   0.99824
   0.52200 	   0.99806
   0.52300 	   0.99788
   0.52400 	   0.99770
   0.52500 	   0.99750
   0.52600 	   0.99730
   0.52700 	   0.99708
   0.52800 	   0.99686
   0.52900 	   0.99664
   0.53000 	   0.99640
   0.53100 	   0.99616
   0.53200 	   0.99590
   0.53300 	   0.99564
   0.53400 	   0.99538
   0.53500 	   0.99510
   0.53600 	   0.99482
   0.53700 	   0.99452
   0.53800 	   0.99422
   0.53900 	   0.99392
   0.54000 	   0.99360
   0.54100 	   0.99328
   0.54200 	   0.99294
   0.54300 	   0.99260
   0.54400 	   0.99226
   0.54500 	   0.99190
   0.54600 	   0.99154
   0.54700 	   0.99116
   0.54800 	   0.99078
   0.54900 	   0.99040
   0.55000 	   0.99000
   0.55100 	   0.98960
   0.55200 	   0.98918
   0.55300 	   0.98876
   0.55400 	   0.98834
   0.55500 	   0.98790
   0.55600 	   0.98746
   0.55700 	   0.98700
   0.55800 	   0.98654
   0.55900 	   0.98608
   0.56000 	   0.98560
   0.56100 	   0.98512
   0.56200 	   0.98462
   0.56300 	   0.98412
   0.56400 	   0.98362
   0.56500 	   0.98310
   0.56600 	   0.98258
   0.56700 	   0.98204
   0.56800 	   0.98150
   0.56900 	   0.98096
   0.57000 	   0.98040
   0.57100 	   0.97984
   0.57200 	   0.97926
   0.57300 	   0.97868
   0.57400 	   0.97810
   0.57500 	   0.97750
   0.57600 	   0.97690
   0.57700 	   0.97628
   0.57800 	   0.97566
   0.57900 	   0.97504
   0.58000 	   0.97440
   0.58100 	   0.97376
   0.58200 	   0.97310
   0.58300 	   0.97244
   0.58400 	   0.97178
   0.58500 	   0.97110
   0.58600 	   0.97042
   0.58700 	   0.96972
   0.58800 	   0.96902
   0.58900 	   0.96832
   0.59000 	   0.96760
   0.59100 	   0.96688
   0.59200 	   0.96614
   0.59300 	   0.96540
   0.59400 	   0.96466
   0.59500 	   0.96390
   0.59600 	   0.96314
   0.59700 	   0.96236
   0.59800 	   0.96158
   0.59900 	   0.96080
   0.60000 	   0.96000
   0.60100 	   0.95920
   0.60200 	   0.95838
   0.60300 	   0.95756
   0.60400 	   0.95674
   0.60500 	   0.95590
   0.60600 	   0.95506
   0.60700 	   0.95420
   0.60800 	   0.95334
   0.60900 	   0.95248
   0.61000 	   0.95160
   0.61100 	   0.95072
   0.61200 	   0.94982
   0.61300 	   0.94892
   0.61400 	   0.94802
   0.61500 	   0.94710
   0.61600 	   0.94618
   0.61700 	   0.94524
   0.61800 	   0.94430
   0.61900 	   0.94336
   0.62000 	   0.94240
   0.62100 	   0.94144
   0.62200 	   0.94046
   0.62300 	   0.93948
   0.62400 	   0.93850
   0.62500 	   0.93750
   0.62600 	   0.93650
   0.62700 	   0.93548
   0.62800 	   0.93446
   0.62900 	   0.93344
   0.63000 	   0.93240
   0.63100 	   0.93136
   0.63200 	   0.93030
   0.63300 	   0.92924
   0.63400 	   0.92818
   0.63500 	   0.92710
   0.63600 	   0.92602
   0.63700 	   0.92492
   0.63800 	   0.92382
   0.63900 	   0.92272
   0.64000 	   0.92160
   0.64100 	   0.92048
   0.64200 	   0.91934
   0.64300 	   0.91820
   0.64400 	   0.91706
   0.64500 	   0.91590
   0.64600 	   0.91474
   0.64700 	   0.91356
   0.64800 	   0.91238
   0.64900 	   0.91120
   0.65000 	   0.91000
   0.65100 	   0.90880
   0.65200 	   0.90758
   0.65300 	   0.90636
   0.65400 	   0.90514
   0.65500 	   0.90390
   0.65600 	   0.90266
   0.65700 	   0.90140
   0.65800 	   0.90014
   0.65900 	   0.89888
   0.66000 	   0.89760
   0.66100 	   0.89632
   0.66200 	   0.89502
   0.66300 	   0.89372
   0.66400 	   0.89242
   0.66500 	   0.89110
   0.66600 	   0.88978
   0.66700 	   0.88844
   0.66800 	   0.88710
   0.66900 	   0.88576
   0.67000 	   0.88440
   0.67100 	   0.88304
   0.67200 	   0.88166
   0.67300 	   0.88028
   0.67400 	   0.87890
   0.67500 	   0.87750
   0.67600 	   0.87610
   0.67700 	   0.87468
   0.67800 	   0.87326
   0.67900 	   0.87184
   0.68000 	   0.87040
   0.68100 	   0.86896
   0.68200 	   0.86750
   0.68300 	   0.86604
   0.68400 	   0.86458
   0.68500 	   0.86310
   0.68600 	   0.86162
   0.68700 	   0.86012
   0.68800 	   0.85862
   0.68900 	   0.85712
   0.69000 	   0.85560
   0.69100 	   0.85408
   0.69200 	   0.85254
   0.69300 	   0.85100
   0.69400 	   0.84946
   0.69500 	   0.84790
   0.69600 	   0.84634
   0.69700 	   0.84476
   0.69800 	   0.84318
   0.69900 	   0.84160
   0.70000 	   0.84000
   0.70100 	   0.83840
   0.70200 	   0.83678
   0.70300 	   0.83516
   0.70400 	   0.83354
   0.70500 	   0.83190
   0.70600 	   0.83026
   0.70700 	   0.82860
   0.70800 	   0.82694
   0.70900 	   0.82528
   0.71000 	   0.82360
   0.71100 	   0.82192
   0.71200 	   0.82022
   0.71300 	   0.81852
   0.71400 	   0.81682
   0.71500 	   0.81510
   0.71600 	   0.81338
   0.71700 	   0.81164
   0.71800 	   0.80990
   0.71900 	   0.80816
   0.72000 	   0.80640
   0.72100 	   0.80464
   0.72200 	   0.80286
   0.72300 	   0.80108
   0.72400 	   0.79930
   0.72500 	   0.79750
   0.72600 	   0.79570
   0.72700 	   0.79388
   0.72800 	   0.79206
   0.72900 	   0.79024
   0.73000 	   0.78840
   0.73100 	   0.78656
   0.73200 	   0.78470
   0.73300 	   0.78284
   0.73400 	   0.78098
   0.73500 	   0.77910
   0.73600 	   0.77722
   0.73700 	   0.77532
   0.73800 	   0.77342
   0.73900 	   0.77152
   0.74000 	   0.76960
   0.74100 	   0.76768
   0.74200 	   0.76574
   0.74300 	   0.76380
   0.74400 	   0.76186
   0.74500 	   0.75990
   0.74600 	   0.75794
   0.74700 	   0.75596
   0.74800 	   0.75398
   0.74900 	   0.75200
   0.75000 	   0.75000
   0.75100 	   0.74800
   0.75200 	   0.74598
   0.75300 	   0.74396
   0.75400 	   0.74194
   0.75500 	   0.73990
   0.75600 	   0.73786
   0.75700 	   0.73580
   0.75800 	   0.73374
   0.75900 	   0.73168
   0.76000 	   0.72960
   0.76100 	   0.72752
   0.76200 	   0.72542
   0.76300 	   0.72332
   0.76400 	   0.72122
   0.76500 	   0.71910
   0.76600 	   0.71698
   0.76700 	   0.71484
   0.76800 	   0.71270
   0.76900 	   0.71056
   0.77000 	   0.70840
   0.77100 	   0.70624
   0.77200 	   0.70406
   0.77300 	   0.70188
   0.77400 	   0.69970
   0.77500 	   0.69750
   0.77600 	   0.69530
   0.77700 	   0.69308
   0.77800 	   0.69086
   0.77900 	   0.68864
   0.78000 	   0.68640
   0.78100 	   0.68416
   0.78200 	   0.68190
   0.78300 	   0.67964
   0.78400 	   0.67738
   0.78500 	   0.67510
   0.78600 	   0.67282
   0.78700 	   0.67052
   0.78800 	   0.66822
   0.78900 	   0.66592
   0.79000 	   0.66360
   0.79100 	   0.66128
   0.79200 	   0.65894
   0.79300 	   0.65660
   0.79400 	   0.65426
   0.79500 	   0.65190
   0.79600 	   0.64954
   0.79700 	   0.64716
   0.79800 	   0.64478
   0.79900 	   0.64240
   0.80000 	   0.64000
   0.80100 	   0.63760
   0.80200 	   0.63518
   0.80300 	   0.63276
   0.80400 	   0.63034
   0.80500 	   0.62790
   0.80600 	   0.62546
   0.80700 	   0.62300
   0.80800 	   0.62054
   0.80900 	   0.61808
   0.81000 	   0.61560
   0.81100 	   0.61312
   0.81200 	   0.61062
   0.81300 	   0.60812
   0.81400 	   0.60562
   0.81500 	   0.60310
   0.81600 	   0.60058
   0.81700 	   0.59804
   0.81800 	   0.59550
   0.81900 	   0.59296
   0.82000 	   0.59040
   0.82100 	   0.58784
   0.82200 	   0.58526
   0.82300 	   0.58268
   0.82400 	   0.58010
   0.82500 	   0.57750
   0.82600 	   0.57490
   0.82700 	   0.57228
   0.82800 	   0.56966
   0.82900 	   0.56704
   0.83000 	   0.56440
   0.83100 	   0.56176
   0.83200 	   0.55910
   0.83300 	   0.55644
   0.83400 	   0.55378
   0.83500 	   0.55110
   0.83600 	   0.54842
   0.83700 	   0.54572
   0.83800 	   0.54302
   0.83900 	   0.54032
   0.84000 	   0.53760
   0.84100 	   0.53488
   0.84200 	   0.53214
   0.84300 	   0.52940
   0.84400 	   0.52666
   0.84500 	   0.52390
   0.84600 	   0.52114
   0.84700 	   0.51836
   0.84800 	   0.51558
   0.84900 	   0.51280
   0.85000 	   0.51000
   0.85100 	   0.50720
   0.85200 	   0.50438
   0.85300 	   0.50156
   0.85400 	   0.49874
   0.85500 	   0.49590
   0.85600 	   0.49306
   0.85700 	   0.49020
   0.85800 	   0.48734
   0.85900 	   0.48448
   0.86000 	   0.48160
   0.86100 	   0.47872
   0.86200 	   0.47582
   0.86300 	   0.47292
   0.86400 	   0.47002
   0.86500 	   0.46710
   0.86600 	   0.46418
   0.86700 	   0.46124
   0.86800 	   0.45830
   0.86900 	   0.45536
   0.87000 	   0.45240
   0.87100 	   0.44944
   0.87200 	   0.44646
   0.87300 	   0.44348
   0.87400 	   0.44050
   0.87500 	   0.43750
   0.87600 	   0.43450
   0.87700 	   0.43148
   0.87800 	   0.42846
   0.87900 	   0.42544
   0.88000 	   0.42240
   0.88100 	   0.41936
   0.88200 	   0.41630
   0.88300 	   0.41324
   0.88400 	   0.41018
   0.88500 	   0.40710
   0.88600 	   0.40402
   0.88700 	   0.40092
   0.88800 	   0.39782
   0.88900 	   0.39472
   0.89000 	   0.39160
   0.89100 	   0.38848
   0.89200 	   0.38534
   0.89300 	   0.38220
   0.89400 	   0.37906
   0.89500 	   0.37590
   0.89600 	   0.37274
   0.89700 	   0.36956
   0.89800 	   0.36638
   0.89900 	   0.36320
   0.90000 	   0.36000
   0.90100 	   0.35680
   0.90200 	   0.35358
   0.90300 	   0.35036
   0.90400 	   0.34714
   0.90500 	   0.34390
   0.90600 	   0.34066
   0.90700 	   0.33740
   0.90800 	   0.33414
   0.90900 	   0.33088
   0.91000 	   0.32760
   0.91100 	   0.32432
   0.91200 	   0.32102
   0.91300 	   0.31772
   0.91400 	   0.31442
   0.91500 	   0.31110
   0.91600 	   0.30778
   0.91700 	   0.30444
   0.91800 	   0.30110
   0.91900 	   0.29776
   0.92000 	   0.29440
   0.92100 	   0.29104
   0.92200 	   0.28766
   0.92300 	   0.28428
   0.92400 	   0.28090
   0.92500 	   0.27750
   0.92600 	   0.27410
   0.92700 	   0.27068
   0.92800 	   0.26726
   0.92900 	   0.26384
   0.93000 	   0.26040
   0.93100 	   0.25696
   0.93200 	   0.25350
   0.93300 	   0.25004
   0.93400 	   0.24658
   0.93500 	   0.24310
   0.93600 	   0.23962
   0.93700 	   0.23612
   0.93800 	   0.23262
   0.93900 	   0.22912
   0.94000 	   0.22560
   0.94100 	   0.22208
   0.94200 	   0.21854
   0.94300 	   0.21500
   0.94400 	   0.21146
   0.94500 	   0.20790
   0.94600 	   0.20434
   0.94700 	   0.20076
   0.94800 	   0.19718
   0.94900 	   0.19360
   0.95000 	   0.19000
   0.95100 	   0.18640
   0.95200 	   0.18278
   0.95300 	   0.17916
   0.95400 	   0.17554
   0.95500 	   0.17190
   0.95600 	   0.16826
   0.95700 	   0.16460
   0.95800 	   0.16094
   0.95900 	   0.15728
   0.96000 	   0.15360
   0.96100 	   0.14992
   0.96200 	   0.14622
   0.96300 	   0.14252
   0.96400 	   0.13882
   0.96500 	   0.13510
   0.96600 	   0.13138
   0.96700 	   0.12764
   0.96800 	   0.12390
   0.96900 	   0.12016
   0.97000 	   0.11640
   0.97100 	   0.11264
   0.97200 	   0.10886
   0.97300 	   0.10508
   0.97400 	   0.10130
   0.97500 	   0.09750
   0.97600 	   0.09370
   0.97700 	   0.08988
   0.97800 	   0.08606
   0.97900 	   0.08224
   0.98000 	   0.07840
   0.98100 	   0.07456
   0.98200 	   0.07070
   0.98300 	   0.06684
   0.98400 	   0.06298
   0.98500 	   0.05910
   0.98600 	   0.05522
   0.98700 	   0.05132
   0.98800 	   0.04742
   0.98900 	   0.04352
   0.99000 	   0.03960
   0.99100 	   0.03568
   0.99200 	   0.03174
   0.99300 	   0.02780
   0.99400 	   0.02386
   0.99500 	   0.01990
   0.99600 	   0.01594
   0.99700 	   0.01196
   0.99800 	   0.00798
   0.99900 	   0.00400
