0.200000	0.000000
0.200000	0.448000
0.448000	0.448000
0.448000	0.692429
0.692429	0.692429
0.692429	0.596319
0.596319	0.596319
0.596319	0.674023
0.674023	0.674023
0.674023	0.615204
0.615204	0.615204
0.615204	0.662838
0.662838	0.662838
0.662838	0.625754
0.625754	0.625754
0.625754	0.655720
0.655720	0.655720
0.655720	0.632103
0.632103	0.632103
0.632103	0.651136
0.651136	0.651136
0.651136	0.636042
0.636042	0.636042
0.636042	0.648179
0.648179	0.648179
0.648179	0.638520
0.638520	0.638520
0.638520	0.646274
0.646274	0.646274
0.646274	0.640091
0.640091	0.640091
0.640091	0.645049
0.645049	0.645049
0.645049	0.641090
0.641090	0.641090
0.641090	0.644262
0.644262	0.644262
0.644262	0.641728
0.641728	0.641728
0.641728	0.643757
0.643757	0.643757
0.643757	0.642135
0.642135	0.642135
0.642135	0.643433
0.643433	0.643433
0.643433	0.642395
0.642395	0.642395
0.642395	0.643226
0.643226	0.643226
0.643226	0.642562
0.642562	0.642562
0.642562	0.643093
0.643093	0.643093
0.643093	0.642668
0.642668	0.642668
0.642668	0.643008
0.643008	0.643008
0.643008	0.642736
0.642736	0.642736
0.642736	0.642954
0.642954	0.642954
0.642954	0.642780
0.642780	0.642780
0.642780	0.642919
0.642919	0.642919
0.642919	0.642808
0.642808	0.642808
0.642808	0.642897
0.642897	0.642897
0.642897	0.642825
0.642825	0.642825
0.642825	0.642883
0.642883	0.642883
0.642883	0.642837
0.642837	0.642837
0.642837	0.642873
0.642873	0.642873
0.642873	0.642844
0.642844	0.642844
0.642844	0.642868
0.642868	0.642868
0.642868	0.642849
0.642849	0.642849
0.642849	0.642864
0.642864	0.642864
0.642864	0.642852
0.642852	0.642852
0.642852	0.642861
0.642861	0.642861
0.642861	0.642854
0.642854	0.642854
0.642854	0.642860
0.642860	0.642860
0.642860	0.642855
0.642855	0.642855
0.642855	0.642859
0.642859	0.642859
0.642859	0.642856
0.642856	0.642856
0.642856	0.642858
0.642858	0.642858
0.642858	0.642856
0.642856	0.642856
0.642856	0.642858
0.642858	0.642858
0.642858	0.642857
0.642857	0.642857
0.642857	0.642858
0.642858	0.642858
0.642858	0.642857
0.642857	0.642857
0.642857	0.642857
0.642857	0.642857
0.642857	0.642857
0.642857	0.642857
0.642857	0.642857
0.642857	0.642857
0.642857	0.642857
0.642857	0.642857
0.642857	0.642857
0.642857	0.642857
0.642857	0.642857
0.642857	0.642857
0.642857	0.642857
0.642857	0.642857
0.642857	0.642857
0.642857	0.642857
0.642857	0.642857
0.642857	0.642857
0.642857	0.642857
0.642857	0.642857
0.642857	0.642857
0.642857	0.642857
0.642857	0.642857
0.642857	0.642857
0.642857	0.642857
0.642857	0.642857
0.642857	0.642857
0.642857	0.642857
0.642857	0.642857
0.642857	0.642857
0.642857	0.642857
0.642857	0.642857
0.642857	0.642857
0.642857	0.642857
0.642857	0.642857
0.642857	0.642857
0.642857	0.642857
0.642857	0.642857
0.642857	0.642857
0.642857	0.642857
0.642857	0.642857
0.642857	0.642857
0.642857	0.642857
0.642857	0.642857
0.642857	0.642857
0.642857	0.642857
0.642857	0.642857
0.642857	0.642857
0.642857	0.642857
0.642857	0.642857
0.642857	0.642857
0.642857	0.642857
0.642857	0.642857
0.642857	0.642857
0.642857	0.642857
0.642857	0.642857
0.642857	0.642857
0.642857	0.642857
0.642857	0.642857
0.642857	0.642857
0.642857	0.642857
0.642857	0.642857
0.642857	0.642857
0.642857	0.642857
0.642857	0.642857
0.642857	0.642857
0.642857	0.642857
0.642857	0.642857
0.642857	0.642857
0.642857	0.642857
0.642857	0.642857
0.642857	0.642857
0.642857	0.642857
0.642857	0.642857
0.642857	0.642857
0.642857	0.642857
0.642857	0.642857
0.642857	0.642857
0.642857	0.642857
0.642857	0.642857
0.642857	0.642857
0.642857	0.642857
0.642857	0.642857
0.642857	0.642857
0.642857	0.642857
0.642857	0.642857
0.642857	0.642857
0.642857	0.642857
0.642857	0.642857
0.642857	0.642857
0.642857	0.642857
0.642857	0.642857
0.642857	0.642857
0.642857	0.642857
0.642857	0.642857
0.642857	0.642857
0.642857	0.642857
0.642857	0.642857
0.642857	0.642857
0.642857	0.642857
0.642857	0.642857
0.642857	0.642857
0.642857	0.642857
0.642857	0.642857
0.642857	0.642857
0.642857	0.642857
0.642857	0.642857
0.642857	0.642857
0.642857	0.642857
0.642857	0.642857
0.642857	0.642857
0.642857	0.642857
0.642857	0.642857
0.642857	0.642857
0.642857	0.642857
0.642857	0.642857
0.642857	0.642857
0.642857	0.642857
0.642857	0.642857
0.642857	0.642857
0.642857	0.642857
0.642857	0.642857
0.642857	0.642857
0.642857	0.642857
0.642857	0.642857
0.642857	0.642857
0.642857	0.642857
0.642857	0.642857
0.642857	0.642857
0.642857	0.642857
0.642857	0.642857
0.642857	0.642857
0.642857	0.642857
0.642857	0.642857
0.642857	0.642857
0.642857	0.642857
0.642857	0.642857
0.642857	0.642857
0.642857	0.642857
0.642857	0.642857
0.642857	0.642857
0.642857	0.642857
0.642857	0.642857
0.642857	0.642857
0.642857	0.642857
0.642857	0.642857
0.642857	0.642857
0.642857	0.642857
0.642857	0.642857
0.642857	0.642857
0.642857	0.642857
0.642857	0.642857
0.642857	0.642857
0.642857	0.642857
0.642857	0.642857
0.642857	0.642857
0.642857	0.642857
0.642857	0.642857
0.642857	0.642857
0.642857	0.642857
0.642857	0.642857
0.642857	0.642857
0.642857	0.642857
0.642857	0.642857
0.642857	0.642857
0.642857	0.642857
0.642857	0.642857
0.642857	0.642857
0.642857	0.642857
0.642857	0.642857
0.642857	0.642857
0.642857	0.642857
0.642857	0.642857
0.642857	0.642857
0.642857	0.642857
0.642857	0.642857
0.642857	0.642857
0.642857	0.642857
0.642857	0.642857
0.642857	0.642857
0.642857	0.642857
0.642857	0.642857
0.642857	0.642857
0.642857	0.642857
0.642857	0.642857
0.642857	0.642857
0.642857	0.642857
0.642857	0.642857
0.642857	0.642857
0.642857	0.642857
0.642857	0.642857
